x
0.85890093560509
0.867601429193835
0.83820489741823
0.891260311539457
0.903874397885815
0.864413798017647
0.881644979505912
0.839250626243489
0.872787625509789
0.884287254564655
0.876571519835328
0.889427636719072
0.862105528567984
0.853195324302892
0.869891855537382
0.886739822008118
0.879988359073858
0.896827172825789
0.864461808253782
0.890047103130305
0.86971999102822
0.884024888665439
0.888599853849906
0.874307764239872
0.902054603331911
0.876178985948613
0.880323108747686
0.868741878184036
0.865593328466995
0.845753672686595
0.906887874567158
0.861352253308733
0.815580669613788
0.842948548582835
0.888444907783872
0.851721223676163
0.862778574865074
0.902878326352641
0.849688872217649
0.882537380425368
0.851108815044151
0.868154616050969
0.860629845900672
0.859013101560021
0.875889783150926
0.851908265661418
0.848864152294634
0.896957015736456
0.823255733619455
0.85660894889275
0.88897406062722
0.894737839010574
0.879094267754875
0.83563356134818
0.855385757012887
0.851525440736089
0.864359264573082
0.827706244944739
0.861640654250234
0.912221879706698
0.819542821626186
0.878418996487467
0.851555586194318
0.856224426343964
0.84778964333384
0.900929627998918
0.855203995720171
0.876218190214563
0.876685354517996
0.875913947195444
0.88308153014657
0.867189361801477
0.854297977693415
0.860244124179572
0.8727605646695
0.843492387675064
0.881938271047754
0.856378122670176
0.891157197168318
0.882247549145805
0.891472781756912
0.869413537486643
0.848572572824107
0.887572163176863
0.832601020716618
0.895822078604541
0.861769543602194
0.853106939524211
0.867738727199851
0.881411841625866
0.876241761896855
0.894994432990038
0.840872239512692
0.850920357168694
0.883962827886228
0.904361196829907
0.878043453283176
0.879421974097341
0.870587353807676
0.865039722621944
0.850691647557494
0.893816289535174
0.881345013053118
0.851791433047965
0.856154339778965
0.872911407543519
0.878436774578218
0.869961161917984
0.86470598429826
0.839457953023067
0.877385071563178
0.856617502025399
0.858333257545175
0.855626696736904
0.854628653070948
0.879100371975389
0.818128058357208
0.891011591643259
0.880818872588414
0.860450981403726
0.855746505609353
0.844485006169888
0.847863623596895
0.886997073365176
0.880247748714078
0.900512027076484
0.848713771752108
0.868317855188186
0.84251935325339
0.885938919381002
0.85461281099333
0.882953630472966
0.842100726532952
0.885390745931011
0.89700686085071
0.862476412337681
0.87391626337509
0.847334608008209
0.859150255087445
0.889616679732827
0.876239551374396
0.873372561537524
0.840499109100888
0.886276775344559
0.855367155394162
0.886088274125523
0.869006873593627
0.836390499139739
0.879557278298787
0.836889159776237
0.868673510914282
0.836502253330682
0.85764575616495
0.850624241070377
0.851517212680272
0.854177627026245
0.900900414427607
0.87977377224503
0.88087430180025
0.886856560710487
0.88739143490608
0.832434928127208
0.888482739503198
0.879212718528559
0.855768553042499
0.861261506305072
0.88304014425388
0.850605899513118
0.874445820758496
0.892151925050586
0.88406660685889
0.868491381201156
0.864554310672336
0.848675037041582
0.867385238652636
0.846545386475259
0.883862754789451
0.842723501503943
0.858497464688958
0.876392019632577
0.855726451980778
0.885968205191608
0.898798836051717
0.883673256668131
0.87633078960527
0.83209635699462
0.882881188906917
0.868080224023928
0.893797919082196
0.863414916375857
0.860440362227211
0.844502018524101
0.862509064499482
0.89554620395697
0.883209097519412
0.883147043964131
0.892004137898788
0.854015038042693
0.881589571965865
0.85617403221106
0.867993125104716
0.891340619964843
0.849771145551886
0.907765675924888
0.871875207081405
0.868349084235856
0.861137283611636
0.883786477316783
0.889254840322992
0.863802270705047
0.895824968176382
0.87428582516567
0.874465664893113
0.845015314841973
0.869542853050449
0.860721243057996
0.856863339573685
0.847552257783188
0.873337446015728
0.861108077264255
0.854986179794811
0.841011639682222
0.870023273264702
0.859515280250235
0.827490523958963
0.885102503915961
0.839434829224411
0.873032617858312
0.857173210033964
0.862805404539616
0.909943604012742
0.884474404908854
0.893793093497222
0.862700173557104
0.867462419116504
0.899347486281061
0.843394510652886
0.846903736727096
0.868316099773293
0.86406452102139
0.860591443490907
0.848476191155357
0.88176373368464
0.856746673110612
0.882896684235913
0.875394221580227
0.862409395942763
0.853920274534173
0.880879813658536
0.872422426972688
0.866358819391203
0.839405543413805
0.87631336548707
0.873649093562689
0.874502189081181
0.880939967320332
0.909128773649353
0.904799797715694
0.903369784731325
0.878488729079915
0.874865473276937
0.861392721762363
0.873637542499255
0.860244420360685
0.853107784723975
0.880819356591697
0.880039576734736
0.850714655773276
0.856967992641829
0.874366184158563
0.8642091874356
0.882069342026453
0.900001273581832
0.871476749572417
0.879298957800148
0.863899844322182
0.888729891806672
0.859656912614012
0.841260482385223
0.8880171211207
0.850853933136003
0.893406541024217
0.881531599930808
0.878498784789921
0.857365482144251
0.868895119402684
0.856923897775539
0.863822902247991
0.883215172844207
0.879074799264598
0.866327583119604
0.830043496799966
0.869782282973178
0.879545748907142
0.859056163404379
0.851573357061139
0.85121374984555
0.884840203032112
0.829133418924774
0.841851804366726
0.866523842839031
0.870926004403489
0.878307235072594
0.846371217532554
0.889859548246047
0.860772222329198
0.885628225392748
0.879561258683998
0.890219126565918
0.856757472885367
0.854024270224724
0.836796671805542
0.858006006310273
0.849092110617155
0.850749670160057
0.849910704647867
0.887863273091966
0.877360416291446
0.864096118489469
0.851140549766893
0.847139850866139
0.869392501403642
0.865558321304143
0.868878677738909
0.840861143556823
0.8889027243224
0.853840926891425
0.861492058018321
0.88149363818075
0.848152234032355
0.881904109084666
0.843399422925015
0.873337886675434
0.871132052547527
0.894858875951056
0.854319577242925
0.854297659840513
0.885541632148609
0.873298155062623
0.871138568532028
0.863370597567749
0.867573003030851
0.894399267877987
0.90623365383061
0.861858116203044
0.834946175550829
0.849960376387811
0.894716745136136
0.873788096416091
0.873587856311453
0.886271725817767
0.877910092318793
0.868688782301461
0.862208917448448
0.839364518717595
0.85254298901197
0.86052387807734
0.834363818465962
0.898095694863904
0.882894430369878
0.864737877947453
0.879723211961745
0.891982451662123
0.874549094056086
0.912171196616611
0.903319910721353
0.875285898755845
0.907954437205389
0.880880745545455
0.882761618424144
0.89228272874389
0.875024522534984
0.88550530300664
0.882902448931736
0.868795407502387
0.842815823324257
0.865871796505294
0.883785198681244
0.880591224894865
0.903658604660744
0.858689989636782
0.877306959212391
0.848559613094401
0.874102265114483
0.827889306544784
0.828930505966182
0.867102407360857
0.852268992586095
0.896626658211826
0.870367861930648
0.875712125050223
0.857663021356699
0.875602595829597
0.866552529063481
0.853536235988671
0.877203844841252
0.881217814100685
0.902733053128344
0.857322702033148
0.869731166447314
0.861751303179949
0.830880454059726
0.85240486747798
0.88749508384801
0.838285545368307
0.872105166432427
0.867386119972047
0.878856463216306
0.860362105397832
0.852497521599055
0.872028715585448
0.877079817193915
0.87687061941657
0.863257846474521
0.855648606915387
0.862188596534477
0.838049835769323
0.879474260899801
0.892957169259394
0.884539174661666
0.846674564784402
0.822470687517815
0.867514720366822
0.864764989355249
0.87476722061042
0.886840935350758
0.904366780927489
0.903880422643103
0.900333437088863
0.862088415078757
0.868052845330736
0.878553426593431
0.915430185769407
0.87249772921486
0.901228236352947
0.872545688883487
0.846797790575553
0.845860803562593
0.857639009014702
0.872525360745587
0.848790627139144
0.876992516004674
0.874117175305182
0.879057425713905
0.86608660005201
0.892396317812952
0.867333804273869
0.837835061118325
0.882713514276925
0.880061342434627
0.899884036428321
0.828651517804952
0.898868525300587
0.860774389508078
0.8795461534472
0.856523222520163
0.908186534839572
0.859705197359472
0.869715685566177
0.853942386982685
0.839994510394258
0.877789026482593
0.875436741629864
0.896511118681771
0.904410297879412
0.886653669423685
0.864723321729305
0.867353178853062
0.843913044319719
0.865226923533651
0.844954619385457
0.868154312645926
0.86916619013707
0.865405925285259
0.884308984144897
0.84973894127372
0.879644081036885
0.867380694800916
0.901321641762701
0.881182590219946
0.874105999886087
0.879873830893948
0.875528630014402
0.866181970370616
0.866021237936971
0.8471354731648
0.898418257768493
0.830767688518639
0.836372338180719
0.845267473328661
0.880835155325737
0.854408727758144
0.88531580488532
0.877540660558946
0.861947635138672
0.877756489903666
0.826668917549607
0.867316401827458
0.891232918398406
0.855073242594374
0.859482526953419
0.889566227808487
0.859190795780371
0.865217380722647
0.849991352597944
0.83073626442487
0.887726986436094
0.858200127746539
0.868492479238456
0.869652302807849
0.870594881142321
0.872513405142096
0.851882902444586
0.860619255619875
0.880726095660535
0.874236442382911
0.862583319271861
0.877668408530028
0.88846164562876
0.859761789623974
0.86102667080157
0.87301904409459
0.867951883690618
0.874051437545803
0.882832297351371
0.846375609681752
0.866515036868846
0.845606629599546
0.892530979084664
0.875690720546812
0.878303695347089
0.856152584364072
0.877542957768559
0.859898097951635
0.857974531648997
0.861137587016679
0.870165346288185
0.83235592000915
0.855979282292919
0.875892405437371
0.823716353042669
0.873420138337883
0.868515025122744
0.848169101907975
0.867194526911142
0.855252540527097
0.861443303717437
0.864940566964227
0.843452302089702
0.880181122411358
0.861267003715499
0.834022133819716
0.87666423174784
0.840959699628384
0.853621788986948
0.897159097943143
0.880756277238412
0.859362002911939
0.848912581518686
0.853835342793842
0.889456474646043
0.875283514859076
0.890907061381918
0.863987708977931
0.873529053524492
0.857001627258056
0.875500774541857
0.881896942946501
0.884061398405647
0.868332136897009
0.875748056876064
0.906369593737861
0.888746709114786
0.877084476628508
0.871931524836583
0.868973506262795
0.840244003250923
0.911342467412667
0.877067406482858
0.848290760106403
0.868956595043597
0.84512971299115
0.907049098228016
0.884394190394553
0.847142884916571
0.861819475403603
0.837834136455336
0.841699892351125
0.857675085319134
0.897840784060038
0.866707215068049
0.833306148485071
0.863295548163113
0.851125076109686
0.874562299399399
0.863730847713072
0.886190297683293
0.883405703987461
0.88689499201597
0.878199324012199
0.848820765373444
0.900755372369058
0.867392296431857
0.858949278141987
0.853997072129772
0.881953260701678
0.885840370533371
0.86014632662062
0.864933328586765
0.890203573445485
0.866229048719832
0.878405885055239
0.873471384894479
0.868750944215686
0.876146564952559
0.879235199397481
0.892837562656973
0.86355972004473
0.874429617484399
0.864532378822064
0.884232172101439
0.883958023973042
0.867521149664168
0.830662464760056
0.889080512453836
0.904488778650608
0.857394739059139
0.865149663606557
0.906159883061514
0.872896128932411
0.874298777671447
0.880174873712253
0.862040368722974
0.840943915342203
0.859887941106614
0.849801334353693
0.853095641298314
0.867177774618395
0.857334260320511
0.848169296954075
0.850712351339733
0.879443869827965
0.891535406002631
0.873056998620719
0.883093102881792
0.885965496218007
0.863236954870112
0.86600744745536
0.895541558970236
0.875192168269258
0.849765677037177
0.849752486141724
0.852619902190443
0.872318958628998
0.879391799743394
0.891257638685504
0.87663645573852
0.855388993333349
0.897388269885837
0.85131141737377
0.843986843984533
0.856840078520366
0.878933246364046
0.895448334158722
0.866810827890331
0.878634327381044
0.874199744820533
0.885679067409287
0.87367757029318
0.879492891414244
0.877553056822143
0.863082500031291
0.853035234798982
0.860033221554841
0.87692543459439
0.88130068702108
0.838205952111952
0.889602282441131
0.830132827913424
0.914896236236803
0.873777968466789
0.852226653134698
0.834855168485703
0.863984385970314
0.848793198858083
0.868201268188339
0.878792813172583
0.87781795109672
0.86234228563676
0.868194607725246
0.88791691799319
0.862673647287605
0.887302385525876
0.860522252693179
0.860502141273167
0.900199476538323
0.824255850553207
0.896325745424253
0.875244671789606
0.860547724268956
0.845956874602371
0.860917748391031
0.865960636391539
0.889550595224828
0.871843450686875
0.862613898165867
0.888859359073
0.869891573804127
0.840754576147334
0.892126713536275
0.861335457672408
0.855059676054582
0.871558459440146
0.8622980029483
0.864227854069691
0.85342189563093
0.863748228487695
0.87089275987946
0.869947963798601
0.860922545080286
0.860997045466272
0.894971562028918
0.883334057053668
0.865624730888975
0.83947315939488
0.854528189881972
0.848298236873541
0.862708112655736
0.901708410953593
0.847434998957888
0.891485380290137
0.838245264736846
0.889321018742076
0.840573587815085
0.87821708765509
0.876062189454808
0.885260419017061
0.837885057935101
0.85450027661799
0.859346182506111
0.855420063454567
0.849385922281929
0.841012614912718
0.842286988333811
0.841082080219771
0.868433640331847
0.84019994450428
0.892277260229181
0.884266204033794
0.854018751142508
0.86770989649681
0.875531562929821
0.890808873730767
0.873228017930117
0.887726415745655
0.835541557380768
0.871844779889922
0.864690633447856
0.869904786371369
0.886936096175405
0.872134213853356
0.893351342978128
0.847856551369814
0.855513707253998
0.86801211681564
0.839375072878743
0.835928702216
0.813939342240701
0.87699694427352
0.885728125115215
0.859568795120727
0.861611245632825
0.871786634480555
0.851654265072682
0.874411326494646
0.876105923124618
0.900882267916447
0.857291458537619
0.857929786629043
0.877395445126086
0.850314500640832
0.857857511213374
0.885531041867812
0.874198458961064
0.864835509356024
0.874789600344327
0.89889461813431
0.844194792022057
0.850074355549072
0.875536706367697
0.825415435732924
0.878739536691768
0.842668093963895
0.907619420246166
0.868983901497492
0.8738002759614
0.89152835544734
0.870632763429154
0.847948150797168
0.880985369717881
0.845041855559331
0.884985519599986
0.859364849140203
0.853100307956837
0.856735345988996
0.885952247531117
0.875022709328654
0.852359313377909
0.893574663537845
0.837316231270378
0.860296338742735
0.851522363342078
0.894599320160455
0.870114489823786
0.846080353231058
0.867656403298107
0.884845418709284
0.833162934080711
0.87754366571366
0.889994411787787
0.855788447744622
0.893395575099082
0.863980781229443
0.899149658968909
0.86259169180627
0.861995132475806
0.837933032051588
0.843716770152432
0.882510608542263
0.844094950091027
0.87599861887431
0.856123081835577
0.879361444791206
0.856771371725922
0.885261322008261
0.868546008556807
0.875687151925589
0.864962925026345
0.825012867807992
0.888056556552397
0.897486016877282
0.854917328521774
0.869012305988688
0.857724684819782
0.8824068295696
0.869291532539595
0.865206942144372
0.847944170411957
0.851568531476165
0.870469964951643
0.886621515713026
0.846334397163372
0.883192699199216
0.855402834382467
0.872186789613
0.852025994042143
0.869506220503437
0.873646391813018
0.864971080842866
0.837850079667968
0.853921220868951
0.8637294390468
0.87172247153783
0.872589126372184
0.838212193587128
0.870517028853
0.841085352659881
0.870637589014128
0.859938710883857
0.849207664595069
0.853438994672298
0.854507861744072
0.889681680651387
0.871852300000638
0.840776154025055
0.850535690141316
0.862247746070059
0.869427638597226
0.855498833182948
0.90633893538063
0.868536747479057
0.897570768019373
0.857804689840124
0.870451890679778
0.866058368935125
0.855518243881789
0.875287820321119
0.852587856838729
0.870290992095753
0.83348096758144
0.830486619865684
0.870643837713234
0.825845729099668
0.881046151861553
0.894684035182898
0.870441611027955
0.885197144617677
0.873942110595206
0.838765582714291
0.903740834651404
0.868349900539901
0.885421714917215
0.862808294111457
0.892261909378777
0.868838411555308
0.885757678211216
0.868373493893981
0.884542981672566
0.858727214546021
0.872970860484144
0.865402963474122
0.885838420072378
0.895771749487004
0.861888485603091
0.886097751921161
0.882019265746452
0.876902592528988
0.864478668905473
0.854001933834395
0.843984098891284
0.873703966531946
0.888788644026125
0.844789437011177
0.854535103182601
0.872548535111751
0.858875760210427
0.88361500289982
0.872493142019562
0.85302129261485
0.859876057742419
0.861899516543593
0.859919112362847
0.852763138266592
0.834425265211157
0.849109057956002
0.890602016506614
0.86683480411268
0.865314860428696
0.860056757117484
0.849546575252348
0.857440950536803
0.87582453661876
0.872833230177366
0.867861310061268
0.86689197429155
0.85840504895756
0.888302040128133
0.875433844834094
0.895686839418462
0.843148868150699
0.886210344087938
0.847320644152288
0.837055526874971
0.865479566023622
0.872268550048236
0.888480911849009
0.828452729710164
0.879744977661636
0.870569257864023
0.870759854022642
0.851749743750232
0.848515424317026
0.845754171137738
0.819447682473327
0.870142583686009
0.855367205961669
0.868199324951276
0.824900340656581
0.862042572021502
0.860044534228598
0.871817495107815
0.838629079340531
0.87747832527041
0.882223652386682
0.831887296471938
0.83252110960736
0.870621082334987
0.871272803591893
0.868875918197801
0.877215475367911
0.841779839580031
0.854982871235053
0.896202534080962
0.880502363336831
0.865369466112558
0.849510701217944
0.874007407694879
0.892700322442394
0.834806406960889
0.842435519550358
0.885633766146753
0.879419525185206
0.893841999500627
0.868314048177286
0.891162253919039
0.877834334969057
0.88136585409002
0.876788223275529
0.836866996760218
0.871773732542286
