Surprisal
-57.5271835327149
-99.8665542602539
-126.131362915039
-76.2058944702148
-137.017501831055
-77.1509246826172
-80.9033355712891
-141.283599853516
-111.277717590332
-107.05167388916
-89.2446136474609
-79.6779098510742
-98.036750793457
-192.811065673828
-99.0700378417969
-105.609855651855
-118.522506713867
-111.376739501953
-130.999710083008
-71.91162109375
-75.2079849243164
-117.817222595215
-80.3300628662109
-118.704933166504
-115.516059875488
-95.3689956665039
-228.724945068359
-118.788948059082
-109.725196838379
-184.244415283203
-113.588760375977
-91.4766311645508
-140.440826416016
-126.544990539551
-166.425323486328
-102.643669128418
-135.358764648438
-166.244338989258
-113.837371826172
-156.151092529297
-134.782440185547
-139.550506591797
-106.98649597168
-178.630462646484
-131.536163330078
-106.261810302734
-146.184967041016
-84.2018432617188
-65.6630935668945
-92.0853881835938
-107.886604309082
-88.5379409790039
-140.302337646484
-191.738525390625
-97.7261962890625
-119.009742736816
-103.027351379395
-81.2157745361328
-107.049407958984
-104.226699829102
-149.158386230469
-89.6461563110352
-68.8199005126953
-68.450065612793
-108.642700195312
-130.545989990234
-106.963623046875
-112.496704101562
-69.2426528930664
-87.6440124511719
-176.649108886719
-135.086380004883
-149.220581054688
-103.903167724609
-168.289642333984
-63.4493370056152
-102.796089172363
-130.266662597656
-86.6886901855469
-138.786895751953
-96.8580169677734
-174.117095947266
-141.733627319336
-55.345287322998
-134.633117675781
-106.677062988281
-128.52685546875
-108.954734802246
-108.120597839355
-102.243347167969
-148.817199707031
-123.082221984863
-87.1337356567383
-126.382049560547
-99.1046981811523
-82.3164291381836
-89.7084808349609
-215.581649780273
-125.776306152344
-157.362884521484
-121.104263305664
-75.76513671875
-106.801963806152
-145.118133544922
-129.995300292969
-126.904762268066
-123.985595703125
-79.750732421875
-92.169303894043
-152.093444824219
-123.808700561523
-149.260894775391
-111.630676269531
-79.1552047729492
-123.72705078125
-120.656593322754
-195.733306884766
-110.630142211914
-95.1907958984375
-123.133529663086
-139.923568725586
-174.496292114258
-167.939636230469
-145.142242431641
-84.8475799560547
-213.96240234375
-109.017524719238
-122.486625671387
-103.44807434082
-124.018455505371
-64.1930084228516
-96.9509963989258
-184.871215820312
-93.7562942504883
-134.005889892578
-159.426940917969
-93.7605361938477
-77.8600082397461
-149.666107177734
-132.452926635742
-139.698425292969
-120.373870849609
-112.789985656738
-101.168342590332
-137.860382080078
-111.925575256348
-110.164024353027
-132.497772216797
-113.40803527832
-129.947860717773
-137.114715576172
-114.22696685791
-135.347320556641
-117.435333251953
-75.7194061279297
-168.503875732422
-111.839973449707
-126.310447692871
-107.468612670898
-143.164794921875
-85.1436004638672
-116.216651916504
-104.018775939941
-76.3489456176758
-170.373474121094
-90.9087677001953
-146.387939453125
-60.8478660583496
-136.648254394531
-148.374801635742
-105.782646179199
-70.1889953613281
-163.328323364258
-100.23991394043
-173.096557617188
-131.343963623047
-169.909820556641
-141.549377441406
-88.5526275634766
-143.887512207031
-116.813758850098
-117.282539367676
-119.598533630371
-119.322639465332
-102.615211486816
-174.413696289062
-102.602630615234
-116.736068725586
-79.348518371582
-122.5029296875
-193.628662109375
-128.289276123047
-144.414337158203
-110.946662902832
-153.954467773438
-71.1675415039062
-134.563293457031
-172.863128662109
-139.539428710938
-64.8215179443359
-101.006904602051
-91.4945068359375
-94.9514083862305
-75.8548126220703
-131.663696289062
-128.967391967773
-98.7250900268555
-160.304901123047
-138.465545654297
-127.468940734863
-166.272674560547
-96.2031784057617
-80.7884826660156
-169.281661987305
-170.418167114258
-93.3938369750977
-61.1338043212891
-102.143577575684
-93.4238662719727
-64.0170288085938
-79.3120651245117
-78.1115264892578
-76.6117553710938
-87.3632888793945
-85.1837921142578
-104.390983581543
-131.486053466797
-81.5631713867188
-66.3699264526367
-154.847564697266
-95.0394973754883
-107.158462524414
-88.2164764404297
-189.464614868164
-103.561790466309
-116.502258300781
-142.948425292969
-95.1075134277344
-116.306381225586
-98.3615493774414
-154.849838256836
-83.2026214599609
-190.010955810547
-88.8007202148438
-128.909942626953
-62.8042793273926
-101.851608276367
-129.025695800781
-158.575103759766
-88.1541290283203
-155.876373291016
-100.444480895996
-113.594772338867
-177.883087158203
-101.554824829102
-143.029403686523
-164.027648925781
-82.0538864135742
-116.126968383789
-125.018417358398
-131.814178466797
-121.604667663574
-156.609603881836
-80.4012908935547
-89.5259246826172
-128.1982421875
-112.482246398926
-107.506530761719
-169.858215332031
-88.4900207519531
-112.147247314453
-175.843948364258
-91.5403213500977
-140.161331176758
-134.033172607422
-70.5251922607422
-89.1437911987305
-134.403930664062
-70.7064437866211
-102.41960144043
-134.75390625
-116.079978942871
-110.57999420166
-119.568984985352
-144.295806884766
-120.605331420898
-225.077178955078
-136.712097167969
-66.6228256225586
-145.858520507812
-114.873275756836
-154.935485839844
-130.406707763672
-63.6243095397949
-120.523010253906
-118.231742858887
-101.453109741211
-235.18310546875
-150.258758544922
-119.969284057617
-93.6380920410156
-96.0827407836914
-109.297576904297
-139.444595336914
-107.453201293945
-107.175086975098
-162.752914428711
-141.937255859375
-115.38338470459
-67.7436065673828
-109.749618530273
-123.267967224121
-144.756652832031
-131.096542358398
-115.416259765625
-139.131729125977
-154.416702270508
-144.087417602539
-149.052062988281
-114.454048156738
-146.672515869141
-145.441650390625
-122.420288085938
-135.027847290039
-130.014953613281
-83.3587493896484
-130.042129516602
-142.431610107422
-168.167663574219
-61.6973838806152
-204.562194824219
-121.106704711914
-99.1674194335938
-203.793731689453
-120.287910461426
-94.2906723022461
-95.5597839355469
-70.480712890625
-133.126068115234
-147.416534423828
-125.938613891602
-140.393646240234
-76.1152954101562
-94.255012512207
-69.4289474487305
-115.432350158691
-159.191436767578
-70.5052795410156
-59.7933578491211
-126.45295715332
-80.4632568359375
-181.056228637695
-152.849792480469
-69.2736511230469
-163.289672851562
-221.395660400391
-115.514930725098
-109.875854492188
-132.13232421875
-124.025588989258
-128.640838623047
-103.99104309082
-113.887115478516
-155.275772094727
-139.079010009766
-181.386779785156
-127.081390380859
-112.987548828125
-61.4394111633301
-107.482192993164
-115.061454772949
-110.209579467773
-158.23371887207
-138.305358886719
-88.583137512207
-86.6000595092773
-102.79704284668
-81.0365905761719
-127.096481323242
-120.389823913574
-125.936096191406
-105.069030761719
-141.813278198242
-107.029670715332
-73.298583984375
-135.047912597656
-163.314849853516
-97.6143569946289
-177.641174316406
-157.6552734375
-52.2558326721191
-101.388641357422
-119.908531188965
-118.005065917969
-50.6269111633301
-128.094329833984
-112.185234069824
-116.803245544434
-105.82430267334
-74.0641784667969
-139.986236572266
-126.840751647949
-99.4329528808594
-109.667907714844
-149.751861572266
-108.95637512207
-150.886505126953
-106.411827087402
-206.587036132812
-102.05736541748
-220.685302734375
-164.148010253906
-107.892486572266
-82.4303741455078
-132.729949951172
-89.5160217285156
-101.386726379395
-118.573516845703
-62.1157035827637
-117.817375183105
-164.279037475586
-122.7978515625
-101.340103149414
-75.7353668212891
-113.027679443359
-117.388397216797
-167.463073730469
-116.04663848877
-95.1500091552734
-109.427932739258
-83.9612350463867
-152.640350341797
-152.205276489258
-125.921821594238
-89.380485534668
-176.876220703125
-109.107986450195
-199.786254882812
-65.9325103759766
-81.7254486083984
-139.339370727539
-164.192016601562
-147.269012451172
-160.537506103516
-93.4057235717773
-155.481185913086
-106.437324523926
-129.076080322266
-157.369812011719
-137.665710449219
-139.301239013672
-120.639549255371
-91.8768463134766
-114.696701049805
-95.4110870361328
-160.201782226562
-70.9447326660156
-64.3065032958984
-107.170959472656
-83.9842758178711
-118.663963317871
-163.109619140625
-96.7181396484375
-109.849502563477
-141.241928100586
-144.191665649414
-103.738128662109
-126.229202270508
-121.408836364746
-83.7651443481445
-88.9474868774414
-101.438743591309
-71.7727432250977
-90.8926086425781
-137.895416259766
-157.847412109375
-53.4766120910645
-109.241180419922
-79.6981506347656
-113.993209838867
-106.239219665527
-138.029907226562
-132.456024169922
-157.663116455078
-144.558670043945
-144.503692626953
-107.561614990234
-107.932098388672
-87.1114349365234
-154.589294433594
-80.3088760375977
-117.116790771484
-70.5799865722656
-81.3140029907227
-230.174255371094
-129.090576171875
-106.39656829834
-151.174224853516
-147.545166015625
-195.70149230957
-149.642456054688
-67.0343551635742
-138.2236328125
-98.8203125
-82.0568771362305
-158.952606201172
-136.645858764648
-221.831970214844
-197.080688476562
-81.3504333496094
-138.567077636719
-118.793060302734
-96.6527328491211
-93.4417190551758
-87.6579208374023
-119.783058166504
-133.267120361328
-102.434684753418
-123.000503540039
-133.538696289062
-81.7215805053711
-138.411529541016
-105.333618164062
-103.075309753418
-138.388534545898
-153.781616210938
-88.6832656860352
-140.322692871094
-125.208473205566
-156.733917236328
-154.195892333984
-139.527191162109
-105.414588928223
-53.2457237243652
-124.10034942627
-114.642272949219
-162.62353515625
-139.096832275391
-174.428131103516
-112.993202209473
-147.707733154297
-83.1352157592773
-177.470718383789
-123.855857849121
-179.832336425781
-165.266876220703
-58.3020362854004
-211.184173583984
-164.858703613281
-199.331924438477
-81.9595565795898
-125.669776916504
-110.075012207031
-126.006301879883
-184.660751342773
-122.592155456543
-107.27978515625
-144.46257019043
-63.1445579528809
-133.946838378906
-110.029373168945
-106.53369140625
-71.6311492919922
-144.667236328125
-110.136360168457
-106.98649597168
-228.727966308594
-143.429794311523
-90.9977493286133
-143.878479003906
-164.263061523438
-106.959846496582
-163.514312744141
-170.772552490234
-79.4990081787109
-135.575561523438
-122.019577026367
-144.401214599609
-135.696380615234
-148.929809570312
-96.8085403442383
-104.909133911133
-123.021881103516
-200.909301757812
-119.529632568359
-100.824256896973
-91.5122909545898
-139.176788330078
-146.453918457031
-76.9548873901367
-108.530563354492
-87.3118057250977
-150.992248535156
-110.443519592285
-80.0304794311523
-110.971740722656
-153.595123291016
-189.18049621582
-59.653678894043
-100.883796691895
-212.891159057617
-120.025001525879
-91.8698959350586
-117.66227722168
-106.325874328613
-157.198944091797
-151.754104614258
-88.5975646972656
-114.128662109375
-201.035766601562
-215.124221801758
-114.199783325195
-102.34285736084
-100.993629455566
-105.185111999512
-187.715866088867
-125.45580291748
-193.502044677734
-160.602355957031
-104.944007873535
-80.9031524658203
-134.279891967773
-92.1305694580078
-157.921203613281
-68.7509307861328
-149.705978393555
-135.476379394531
-205.073150634766
-66.7987213134766
-171.279251098633
-200.404159545898
-121.113632202148
-112.367973327637
-107.18872833252
-171.728881835938
-126.538619995117
-188.764587402344
-131.471481323242
-58.2544822692871
-120.28279876709
-86.4752044677734
-143.347137451172
-146.988861083984
-122.521392822266
-115.291801452637
-96.2119903564453
-168.343215942383
-71.034294128418
-71.7609710693359
-157.089477539062
-185.224945068359
-183.123046875
-157.208465576172
-173.24137878418
-121.281387329102
-135.749755859375
-103.56770324707
-129.110046386719
-101.866767883301
-149.726409912109
-138.630844116211
-168.381759643555
-180.276763916016
-91.6845779418945
-190.379028320312
-112.331146240234
-78.2291870117188
-152.322174072266
-149.860229492188
-110.582107543945
-177.920516967773
-120.16983795166
-179.520782470703
-126.737777709961
-104.376594543457
-144.80322265625
-160.659881591797
-140.858093261719
-180.069610595703
-93.8193054199219
-174.6162109375
-110.595764160156
-176.323425292969
-108.64860534668
-128.743728637695
-68.2879180908203
-101.572891235352
-101.58911895752
-98.0827331542969
-102.597724914551
-66.8058471679688
-143.779022216797
-89.8549728393555
-128.613235473633
-94.6281661987305
-145.692092895508
-139.896606445312
-153.322830200195
-136.488922119141
-203.037109375
-154.355316162109
-123.331344604492
-58.9206428527832
-146.499710083008
-131.80517578125
-130.077392578125
-133.075485229492
-103.341415405273
-97.9652557373047
-106.15446472168
-130.30940246582
-132.433349609375
-111.94116973877
-187.122207641602
-130.159942626953
-90.337646484375
-146.285400390625
-98.0856094360352
-123.436531066895
-176.659362792969
-83.5608901977539
-135.864105224609
-162.335418701172
-134.921951293945
-88.0132141113281
-110.244834899902
-152.696441650391
-92.2083435058594
-148.602340698242
-95.7113189697266
-113.545234680176
-114.015701293945
-107.156806945801
-86.1553344726562
-139.771514892578
-105.742782592773
-154.204376220703
-97.7239074707031
-111.594268798828
-98.2101898193359
-115.771545410156
-150.791107177734
-115.226860046387
-90.3141555786133
-135.982711791992
-85.9296569824219
-209.049926757812
-94.0278625488281
-90.8689727783203
-90.3362426757812
-79.3075790405273
-140.382629394531
-136.192245483398
-210.666687011719
-155.993621826172
-108.813621520996
-114.420852661133
-75.1670455932617
-94.2347793579102
-94.026969909668
-127.818603515625
-115.123306274414
-139.927780151367
-119.189002990723
-141.044769287109
-87.2772369384766
-149.372451782227
-86.100212097168
-131.820953369141
-142.715408325195
-107.62126159668
-81.8482666015625
-153.108932495117
-137.321746826172
-134.514587402344
-104.585136413574
-102.049270629883
-153.932907104492
-93.4909362792969
-164.996322631836
-79.4687118530273
-166.907852172852
-173.397796630859
-97.9932022094727
-175.278869628906
-119.987899780273
-194.166595458984
-192.082702636719
-158.734222412109
-136.33073425293
-68.2998046875
-145.920806884766
-114.814247131348
-98.4663314819336
-154.135223388672
-97.1059341430664
-118.17847442627
-212.938003540039
-116.141609191895
-127.984741210938
-127.354080200195
-178.917373657227
-90.0355911254883
-117.90015411377
-143.923706054688
-120.792877197266
-193.758682250977
-89.7357711791992
-129.523712158203
-116.171676635742
-147.674377441406
-118.541984558105
-129.258834838867
-118.749198913574
-84.650634765625
-96.0851440429688
-164.316680908203
-105.197196960449
-154.138763427734
-141.181900024414
-116.295486450195
-72.0458068847656
-162.346862792969
-109.128761291504
-106.97314453125
-175.254577636719
-175.529571533203
-93.510383605957
-115.049690246582
-78.2214889526367
-90.9575576782227
-216.787719726562
-179.087005615234
-120.642944335938
-155.949676513672
-92.9026489257812
-99.0460891723633
-155.030548095703
-94.715705871582
-85.4601898193359
-181.376922607422
-134.106597900391
-226.82893371582
-105.951820373535
-103.69026184082
-142.497268676758
-101.688827514648
-116.924545288086
-193.433441162109
-152.54524230957
-138.559417724609
-148.582000732422
-203.766815185547
-177.716278076172
-161.961898803711
-105.494445800781
-169.840728759766
-86.5712051391602
-131.948745727539
-118.083274841309
-149.095855712891
-219.581451416016
-99.5069580078125
-97.4804916381836
-121.131088256836
-94.9913940429688
-124.362594604492
-198.463775634766
-149.320281982422
-89.1448593139648
-223.4619140625
-94.1703643798828
-121.623420715332
-114.977294921875
-91.121940612793
-104.36296081543
-75.5859527587891
-154.434051513672
-144.924789428711
-164.765869140625
-143.063430786133
-106.130790710449
-147.55029296875
-144.056991577148
-144.197998046875
-98.3259963989258
-150.718109130859
-97.2093658447266
-143.221008300781
-125.685501098633
-96.4219512939453
-136.346771240234
-165.5517578125
-134.455703735352
-134.583724975586
-97.366081237793
-138.808776855469
-205.177032470703
-145.003967285156
-85.2816848754883
-128.874908447266
-114.782257080078
-90.345703125
-131.395385742188
-113.044151306152
-104.504676818848
-90.3885192871094
-82.5554122924805
-146.924957275391
-132.079528808594
-115.45133972168
-74.9335861206055
-163.172897338867
-48.563304901123
-111.002990722656
-117.714981079102
-125.293617248535
-190.281463623047
-98.5682907104492
-156.551818847656
-160.941055297852
-110.114875793457
-113.34935760498
-86.0170059204102
-94.2667236328125
-100.399787902832
-84.5014038085938
-79.772346496582
-170.226135253906
-69.0919876098633
-111.820945739746
-66.3246612548828
-66.4244995117188
-92.2018737792969
-121.064308166504
-127.234008789062
-116.148483276367
-126.865020751953
-76.0462036132812
-65.6188125610352
-72.863639831543
-143.785705566406
-94.1429748535156
-82.1142044067383
-129.584838867188
-120.669471740723
-188.514831542969
-107.720710754395
-171.401718139648
-91.5912704467773
-134.773284912109
-92.0324935913086
-92.3592987060547
-126.597717285156
-193.073608398438
-148.921508789062
-97.7843704223633
-118.296768188477
-119.911651611328
-85.3064498901367
-149.167999267578
-121.599807739258
-92.5491714477539
-105.038017272949
-73.6092071533203
-181.205505371094
-100.962501525879
-94.2479400634766
-117.663139343262
-85.0418090820312
-165.688018798828
-111.556976318359
-135.647903442383
-115.362953186035
-84.8718109130859
-130.899322509766
-140.475463867188
-64.7310333251953
-80.3467254638672
-178.15771484375
-154.279541015625
-127.175453186035
-95.1202087402344
-124.762741088867
-139.456329345703
-107.699104309082
-121.890396118164
-150.240295410156
-182.55029296875
-191.296127319336
-96.5000076293945
-73.7181243896484
-117.34912109375
-109.351333618164
-101.666885375977
-57.8119316101074
-120.735206604004
-101.304023742676
-130.182418823242
-138.855072021484
-82.3372039794922
-81.7124404907227
-74.9375610351562
-152.729187011719
-81.371955871582
-105.185119628906
-116.291030883789
-120.010398864746
-147.654449462891
-127.046936035156
-85.9607849121094
-136.537475585938
-158.907608032227
-109.194030761719
-126.293098449707
-55.9056243896484
-68.9420852661133
-64.1280899047852
-100.503074645996
-140.202880859375
-143.004516601562
-139.146270751953
-144.163177490234
-75.9994277954102
-116.743629455566
-93.2070236206055
-94.2277526855469
-63.3821678161621
-59.7933578491211
-122.967475891113
-123.443717956543
-83.6022872924805
-96.9517593383789
-108.668296813965
-110.200424194336
-69.4735412597656
-81.8856201171875
-109.961578369141
-71.3080291748047
-145.679229736328
-108.553916931152
-99.4147262573242
-79.3553237915039
-88.5718078613281
-142.35302734375
-88.8341751098633
-81.4257736206055
-87.0767211914062
-120.566848754883
-131.558258056641
-170.010192871094
-126.260330200195
-107.698051452637
-93.0497970581055
-139.355377197266
-137.759368896484
-148.387908935547
-154.001113891602
-103.160461425781
-85.3409805297852
-104.638542175293
-78.0364379882812
-132.303024291992
-106.831192016602
-88.3587417602539
-161.189712524414
-113.870025634766
-80.7456359863281
-100.190399169922
-166.198608398438
-140.044815063477
-109.577903747559
-109.077018737793
-121.699554443359
-77.3452758789062
-122.991058349609
-193.489044189453
-141.867324829102
-147.744827270508
-71.8403625488281
-118.022438049316
-80.6975479125977
-120.797080993652
-82.1016998291016
-95.0296401977539
-113.307556152344
-78.5772094726562
-104.913566589355
-95.6080932617188
-157.24169921875
-104.150550842285
-120.404846191406
-164.776702880859
-121.99592590332
-167.192596435547
-99.9126586914062
-116.811630249023
-99.9640045166016
-93.1192398071289
-94.3804779052734
-131.12483215332
-118.551780700684
-179.670196533203
-88.4428176879883
-138.206481933594
-75.1339416503906
-90.2307815551758
-103.869422912598
-121.927276611328
-132.188903808594
-81.5995864868164
-137.877426147461
-110.242546081543
-137.079330444336
-69.1717529296875
-73.2389144897461
-120.325149536133
-107.471923828125
-105.729347229004
-43.3248176574707
-139.796966552734
-64.9842071533203
-109.557243347168
-71.9779586791992
-120.169296264648
-159.066925048828
-143.022369384766
-102.069702148438
-98.9806060791016
-81.5222702026367
-105.739326477051
-107.512718200684
-120.139305114746
-73.3818054199219
-147.827880859375
-119.626678466797
-81.8850784301758
-117.378280639648
-88.1423797607422
-86.7835311889648
-79.6743240356445
-159.125885009766
-73.8142166137695
-85.8047561645508
-146.55517578125
-86.6990661621094
-116.659774780273
-45.3697700500488
-144.486480712891
-92.6212692260742
